Rok	I	II	III	IV	V	VI	VII	VIII	IX	X	XI	XII	Roczna	DJF	MAM	JJA	SON
1951	38.5	19.3	61.0	55.9	17.6	56.8	39.9	46.2	27.6	0.0	45.6	26.8	435.2	---	134.5	142.9	73.2
1952	25.2	33.1	18.1	57.1	48.6	80.9	25.4	74.1	105.7	69.0	75.0	33.1	645.3	85.1	123.8	180.4	249.7
1953	31.1	35.1	2.8	13.5	36.4	33.5	53.1	45.5	48.9	3.2	15.5	14.2	332.8	99.3	52.7	132.1	67.6
1954	27.4	3.6	21.9	65.9	19.1	58.6	101.0	117.2	34.7	53.5	10.5	59.2	572.6	45.2	106.9	276.8	98.7
1955	23.3	15.7	30.4	39.3	64.1	41.3	69.4	2.1	41.6	26.1	35.4	78.4	467.1	98.2	133.8	112.8	103.1
1956	36.6	18.4	13.1	19.2	20.9	67.9	59.8	112.0	29.1	130.6	37.2	26.9	571.7	133.4	53.2	239.7	196.9
1957	31.8	40.5	17.5	35.9	41.3	49.0	143.5	135.1	176.0	16.4	34.7	31.7	753.4	99.2	94.7	327.6	227.1
1958	18.6	61.5	36.7	42.7	58.0	127.2	99.1	79.1	44.5	86.3	33.4	52.0	739.1	111.8	137.4	305.4	164.2
1959	40.2	7.1	21.8	28.1	26.6	67.8	68.0	45.6	25.0	29.3	27.0	45.6	432.1	99.3	76.5	181.4	81.3
1960	40.9	34.4	34.3	34.7	29.7	116.4	165.8	181.4	35.4	67.7	39.8	49.3	829.8	120.9	98.7	463.6	142.9
1961	37.4	26.1	55.9	20.7	89.2	84.7	63.8	69.5	48.1	6.5	42.7	39.5	584.1	112.8	165.8	218.0	97.3
1962	29.5	50.7	32.2	37.3	105.0	52.2	40.0	100.5	76.9	12.2	51.8	16.7	605.0	119.7	174.5	192.7	140.9
1963	9.6	19.1	17.5	20.0	31.1	71.0	34.5	109.1	54.5	56.4	120.9	21.0	564.7	45.4	68.6	214.6	231.8
1964	19.4	38.2	10.4	42.5	30.9	33.3	19.5	74.6	69.6	47.5	93.0	26.4	505.3	78.6	83.8	127.4	210.1
1965	42.5	28.1	26.7	26.9	84.0	73.4	94.5	68.3	31.0	23.7	45.6	44.7	589.4	97.0	137.6	236.2	100.3
1966	23.9	29.7	37.0	49.4	90.0	45.5	77.1	54.6	71.5	58.4	74.3	58.9	670.3	98.3	176.4	177.2	204.2
1967	35.5	48.3	55.4	37.1	69.2	94.2	46.6	55.6	32.7	44.3	38.3	42.8	600.0	142.7	161.7	196.4	115.3
1968	27.3	6.0	14.0	20.3	47.7	85.6	21.8	43.5	43.6	51.9	25.8	6.8	394.3	76.1	82.0	150.9	121.3
1969	7.0	13.9	5.6	46.3	75.3	28.8	27.2	84.2	39.5	61.5	106.6	17.9	513.8	27.7	127.2	140.2	207.6
1970	40.6	20.9	67.8	94.0	62.1	60.1	131.7	31.8	56.6	106.3	76.8	46.0	794.7	79.4	223.9	223.6	239.7
1971	13.7	34.5	31.7	42.8	51.3	90.9	33.3	41.1	39.9	56.0	39.8	38.7	513.7	94.2	125.8	165.3	135.7
1972	12.9	9.2	41.6	48.6	49.7	123.5	102.9	163.3	62.5	47.6	43.0	8.1	712.9	60.8	139.9	389.7	153.1
1973	11.9	47.9	20.1	33.8	59.6	50.0	158.9	17.2	32.2	32.4	53.5	30.4	547.9	67.9	113.5	226.1	118.1
1974	12.0	36.9	8.2	4.6	60.3	113.4	149.5	45.3	56.8	191.6	50.1	78.3	807.0	79.3	73.1	308.2	298.5
1975	50.4	9.0	25.0	45.6	19.3	68.8	101.1	9.9	38.9	29.9	39.4	47.6	484.9	137.7	89.9	179.8	108.2
1976	50.4	0.9	32.8	16.3	66.0	49.0	54.1	29.5	12.1	26.9	26.0	72.1	436.1	98.9	115.1	132.6	65.0
1977	18.8	35.5	23.2	69.4	58.9	21.9	175.5	56.9	50.0	16.6	33.2	35.7	595.6	126.4	151.5	254.3	99.8
1978	28.4	21.3	35.7	49.0	25.4	101.9	34.3	85.0	113.8	67.1	48.7	30.2	640.8	85.4	110.1	221.2	229.6
1979	45.5	17.6	61.3	23.4	30.8	28.8	73.2	177.4	58.3	11.6	37.5	40.1	605.5	93.3	115.5	279.4	107.4
1980	26.2	21.7	23.5	42.3	16.3	98.1	102.1	94.0	29.6	114.2	36.0	52.8	656.8	88.0	82.1	294.2	179.8
1981	24.1	21.5	30.7	17.9	59.1	96.0	111.4	76.2	41.7	49.8	88.6	49.9	666.9	98.4	107.7	283.6	180.1
1982	53.9	3.2	40.1	34.0	84.4	52.4	71.9	77.4	31.3	17.2	37.8	53.8	557.4	107.0	158.5	201.7	86.3
1983	102.5	26.7	57.3	46.5	89.9	83.8	45.5	18.6	30.0	39.6	36.6	28.0	605.0	183.0	193.7	147.9	106.2
1984	52.4	27.8	10.0	18.1	63.3	75.5	69.8	11.7	97.5	35.4	34.1	25.1	520.7	108.2	91.4	157.0	167.0
1985	25.6	12.8	30.1	37.4	40.2	75.3	92.4	130.7	73.0	42.9	36.2	51.7	648.3	63.5	107.7	298.4	152.1
1986	44.0	7.1	17.0	33.4	68.6	68.1	61.7	67.6	78.6	28.9	50.7	39.9	565.6	102.8	119.0	197.4	158.2
1987	17.3	19.8	18.1	15.6	51.9	129.7	67.1	71.1	63.4	14.6	50.4	45.1	564.1	77.0	85.6	267.9	128.4
1988	40.4	24.5	41.2	10.4	51.7	43.9	122.9	69.7	34.4	7.6	46.7	44.1	537.5	110.0	103.3	236.5	88.7
1989	23.4	19.9	39.4	63.6	52.3	149.4	52.1	43.0	14.0	116.4	29.4	57.7	660.6	87.4	155.3	244.5	159.8
1990	30.9	32.4	41.8	10.0	31.5	94.5	82.7	64.6	125.3	59.3	66.2	22.9	662.1	121.0	83.3	241.8	250.8
1991	22.0	20.2	12.0	23.6	29.8	85.4	41.3	63.0	31.6	23.8	52.4	43.1	448.2	65.1	65.4	189.7	107.8
1992	23.8	26.5	57.3	74.2	33.7	20.4	29.5	38.6	113.0	47.5	76.5	47.8	588.8	93.4	165.2	88.5	237.0
1993	61.7	22.6	37.7	9.1	31.0	65.6	130.8	138.7	54.6	33.1	22.9	73.6	681.4	132.1	77.8	335.1	110.6
1994	62.2	23.5	77.7	60.4	54.7	49.0	18.6	37.1	42.7	74.9	55.6	64.8	621.2	159.3	192.8	104.7	173.2
1995	23.8	53.6	57.2	34.3	56.9	49.1	83.1	36.5	100.1	31.7	27.3	28.7	582.3	142.2	148.4	168.7	159.1
1996	12.9	40.0	28.4	68.2	51.0	37.3	63.1	27.5	30.5	45.9	33.6	14.6	453.0	81.6	147.6	127.9	110.0
1997	12.1	31.9	20.0	31.2	104.3	67.7	114.3	12.9	49.2	75.0	63.0	38.6	620.2	58.6	155.5	194.9	187.2
1998	37.6	30.2	49.6	59.3	34.2	86.6	100.1	88.9	39.6	56.0	35.5	40.7	658.3	106.4	143.1	275.6	131.1
1999	23.4	35.6	15.1	54.2	44.4	110.5	43.5	67.7	23.9	62.4	37.1	62.2	580.0	99.7	113.7	221.7	123.4
2000	39.7	31.6	52.5	32.6	13.5	31.3	106.5	57.6	28.6	3.1	79.3	36.2	512.5	133.5	98.6	195.4	111.0
2001	27.6	22.8	51.6	28.4	68.7	39.4	109.9	67.6	104.3	48.9	40.3	27.9	637.4	86.6	148.7	216.9	193.5
2002	55.2	77.6	36.6	18.7	56.5	72.5	77.0	15.2	19.0	141.7	25.7	15.1	610.8	160.7	111.8	164.7	186.4
2003	23.9	10.8	9.0	28.4	56.7	23.5	126.4	57.3	36.0	72.3	41.3	54.5	540.1	49.8	94.1	207.2	149.6
2004	28.0	32.5	47.9	32.3	50.9	97.6	92.7	134.2	25.3	53.6	52.5	30.2	677.7	115.0	131.1	324.5	131.4
2005	44.9	19.1	32.6	22.8	73.6	69.3	46.6	103.5	40.2	25.0	21.5	40.3	539.4	94.2	129.0	219.4	86.7
2006	12.4	30.4	9.7	18.1	43.9	27.9	22.9	147.3	68.2	53.7	43.0	40.2	517.7	83.1	71.7	198.1	164.9
2007	107.5	22.8	33.0	19.5	77.3	61.3	203.2	61.7	76.1	30.7	33.2	18.5	744.8	170.5	129.8	326.2	140.0
2008	64.2	38.5	58.8	22.6	20.9	58.6	60.3	107.3	33.8	52.0	34.8	40.1	591.9	121.2	102.3	226.2	120.6
2009	31.6	28.5	37.2	5.6	75.2	97.1	91.2	50.5	19.5	72.2	56.3	35.4	600.3	100.2	118.0	238.8	148.0
2010	23.7	28.9	30.2	34.0	135.5	79.8	87.3	125.2	50.6	24.6	61.2	48.0	729.0	88.0	199.7	292.3	136.4
2011	26.3	50.3	16.7	28.5	57.3	47.1	154.3	113.2	38.0	22.4	20.6	35.1	609.8	124.6	102.5	314.6	81.0
2012	49.9	31.2	24.9	51.7	33.5	84.9	115.4	81.7	47.1	74.6	43.2	34.7	672.8	116.2	110.1	282.0	164.9
2013	34.9	42.0	25.2	44.6	79.5	82.2	93.9	49.4	153.6	31.5	34.8	30.1	701.7	111.6	149.3	225.5	219.9
2014	58.8	19.8	36.4	15.8	66.1	128.9	87.0	37.4	20.4	17.3	20.8	45.5	554.2	108.7	118.3	253.3	58.5
2015	60.3	9.2	47.9	48.5	49.8	11.9	81.9	33.6	118.2	11.7	71.2	49.1	593.3	115.0	146.2	127.4	201.1
2016	26.6	58.9	35.4	39.3	41.1	63.1	79.5	77.6	35.1	95.3	68.2	45.7	665.8	134.6	115.8	220.2	198.6
2017	21.6	35.9	78.0	75.5	25.0	111.5	128.5	48.5	88.1	124.5	55.5	63.6	856.2	103.2	178.5	288.5	268.1
2018	43.4	12.3	15.1	50.6	17.7	42.9	99.6	87.9	13.0	55.0	29.7	57.0	524.2	119.3	83.4	230.4	97.7
2019	42.5	21.2	45.9	5.8	51.2	44.0	55.8	85.7	55.1	39.1	12.2	28.5	487.0	120.7	102.9	185.5	106.4
2020	40.6	36.9	25.6	5.6	80.4	161.5	25.2	74.6	12.4	72.1	35.6	41.6	612.1	106.0	111.6	261.3	120.1
2021	58.7	9.3	27.3	36.8	98.1	53.1	129.7	145.4	64.4	21.1	48.0	28.1	720.0	109.6	162.2	328.2	133.5
2022	56.5	61.1	2.6	35.9	86.7	110.8	114.6	51.7	29.1	14.7	21.2	47.7	632.6	145.7	125.2	277.1	65.0
2023	56.3	36.7	40.4	34.6	22.2	56.1	21.9	88.8	7.4	98.3	45.8	54.9	563.4	140.7	97.2	166.8	151.5
2024	41.4	96.5	27.0	54.4	20.9	47.4	127.2	24.7	18.5	30.0	39.3	43.0	570.3	192.8	102.3	199.3	87.8
2025	31.5	16.9	26.0	10.1	44.8	63.3	150.0	36.5	31.3	79.1	---	---	489.5	91.4	80.9	249.8	---